voltage_source_2=1.38812931122,-0.256529676936,0.0|16.3422819777,0.0,0.0|60.0,47.5481611208,0.0|0.0281266352695,0.00958915389877,1.3
voltage_source=0.0189426355144,-0.349675323184,0.0|2.80169773362,0.0,0.0|60.0,0.0,0.0|0.0188343479149,0.0483490189687,23.4
diode=0.129489567187,3.12895261614,0.0|6.95924063503,0.0,0.0|20.0,0.0,0.0|0.027226337864,0.0148796181309,24.5
capacitor=-0.247926419725,-0.189072776996,0.0|13.6709970509,0.0,0.0|40.0,7.1638861629,0.0|0.0275901377002,0.00262223904211,6.5
inductor=0.0738668656336,-0.337747293186,0.0|5.72228403865,0.0,0.0|20.0,0.0,0.0|0.024631232066,0.00449902685305,0.0
resistor=-0.268055755132,-0.0791777539137,0.0|9.02432192355,0.0,0.0|20.0,0.0,0.0|0.0268604435762,0.00112840914027,6.3
ground=-0.0531110368666,0.794070328577,0.0|14.2464698333,0.0,0.0|60.0,79.7010398614,0.0|0.0172144870083,0.0101315161671,6.5
